-1.311457820664425400e+00 -2.273642634958136788e-01
-1.302917959366424183e+00 -1.956687099345135739e-01
-1.271259043930432320e+00 -1.989135478721257844e-01
-1.227115406333103564e+00 -2.285948174635253349e-01
-1.263475183388446332e+00 -2.493313621551239145e-01
-1.319409643937623944e+00 -2.265026332233402995e-01
-1.424970902431779374e+00 -2.802559830499593008e-01
-1.413474357276755855e+00 -2.169091335509040763e-01
-1.398937519795692586e+00 -1.628152955583689332e-01
-1.393050100419583881e+00 -1.238976428723715384e-01
-1.375659150112931828e+00 -7.759389833828134186e-02
-1.359356956719003806e+00 -4.648142062197763158e-02
-1.310249099925067551e+00 -7.949847709069257640e-03
-1.283931352280502258e+00 3.324475554450359582e-02
-1.240550936314060770e+00 1.028389239913702347e-01
-1.182140553705221420e+00 1.490412321942860552e-01
-1.142357838050896968e+00 1.884076277483989481e-01
-1.071843758911462663e+00 2.520979442267892723e-01
-1.044787334815446833e+00 3.318860770790792447e-01
-1.042782515738983617e+00 6.208165222226732505e-01
-9.852295453865032027e-01 9.339970278306264362e-01
-8.696468121521294670e-01 1.300928767408631836e+00
-8.065662584534281088e-01 1.465714081862401486e+00
-6.614616408518214641e-01 1.763779917682295917e+00
-7.311912147978381071e-01 1.574730323744626848e+00
-8.319817476301258896e-01 1.287347338377581751e+00
-8.953333743714866344e-01 1.036390383348641420e+00
-9.177061722708936831e-01 7.765670281095098382e-01
-9.164122615659919813e-01 5.921120984718548641e-01
-8.713383915852057626e-01 4.173902245508213094e-01
-8.216958247952212968e-01 2.714068072458921677e-01
-7.410638782880043518e-01 1.584624261261899092e-01
-7.038993560632319513e-01 1.032200362020540274e-01
-5.979763365707929657e-01 4.771626945603754666e-02
-5.094575533542796686e-01 2.617540348199137723e-03
-4.338316621992028832e-01 -4.299028862534766404e-02
-3.485073764159433152e-01 -8.943887626917450262e-02
-2.226630554616165769e-01 -1.724367573766019679e-01
-1.040140754201292483e-01 -2.583476105320434701e-01
1.764034406478209860e-02 -3.230691506222936882e-01
6.416759194946131117e-02 -2.987280639400647919e-01
9.019650609111540263e-02 -2.214266611260956030e-01
5.743308270379704483e-02 -1.052912664561007905e-01
3.285112867616174492e-02 6.616411216532529227e-02
-1.694356382341777323e-03 2.703570379468251961e-01
9.605456887710106528e-02 3.277751782978011730e-01
1.783133329601386263e-01 4.293255155396550338e-01
2.004073870764516707e-01 2.996435324461179661e-01
2.386926719276539766e-01 1.604149910573586801e-01
3.160411077906256083e-01 -1.522317815720387012e-02
3.576095201601518503e-01 -1.525202248036126029e-01
4.744488789394860628e-01 -3.578991550744906047e-01
5.502732311372074969e-01 -5.138952119485803438e-01
6.399651072312826372e-01 -7.183525349939144933e-01
7.501202824303988548e-01 -9.133164002378124646e-01
8.522911137602487974e-01 -1.065604898486794960e+00
9.426114475759755917e-01 -1.172236849126819136e+00
1.019977239970045080e+00 -1.293590234685690454e+00
1.040436332096134953e+00 -1.369581878997158109e+00
9.518859467424337639e-01 -1.309750660307711367e+00
8.435882667473905139e-01 -1.217616190497977202e+00
7.230284195756361276e-01 -1.138191900048522331e+00
5.864485325946691141e-01 -1.084967427550090679e+00
4.545123071245483759e-01 -9.855524215306135094e-01
3.646039928779029049e-01 -9.047244143519413972e-01
2.556143519963609001e-01 -7.951561681971057727e-01
1.708404545285417686e-01 -7.310957865986459359e-01
1.992820372804021689e-02 -6.717729861897874244e-01
-1.049043072972820068e-01 -6.037474333258169290e-01
-2.081946663335847159e-01 -5.872838217909548408e-01
-3.261826278776138732e-01 -5.896981291794042290e-01
-3.763954923875614256e-01 -5.804010838808690842e-01
-2.719620329245213686e-01 -6.578508238587207346e-01
-1.505074016620780442e-01 -7.420459840561937082e-01
-6.396114602301927743e-02 -7.839882596763875222e-01
4.687994514865512219e-02 -8.435324460398180291e-01
-8.245397297538092918e-03 -8.332212007918701202e-01
-1.944579416207929123e-01 -7.950533533539023701e-01
-3.867388086400621594e-01 -7.522009312920898694e-01
-5.034764597498206928e-01 -7.137861729485197593e-01
-6.449571070490773828e-01 -6.478396611015384554e-01
-7.284820141391087356e-01 -5.860782555630162927e-01
-8.449143235077178904e-01 -5.100622157033607440e-01
-8.926392928835480411e-01 -4.906058860484970863e-01
-1.088539332416811778e+00 -4.250327492659394246e-01
-1.204659736112507540e+00 -4.143912682890119603e-01
-1.310312169244506553e+00 -3.710610630863994119e-01
-1.383188829757001637e+00 -3.267535893083610143e-01
-1.417083253961967770e+00 -2.811156290379738798e-01
-2.818128215880751353e-01 -7.943233153988136230e-01
-1.267000533180894783e-01 -8.285077403479909064e-01
