-9.154191606171814266e-01 -1.653507877550885463e-01
-8.905089680731630430e-01 -1.021284277310913619e-01
-8.572953780144711988e-01 -1.021284277310913619e-01
-8.240817879557792436e-01 -1.495451977490875883e-01
-8.739021730438175650e-01 -1.969619677670904623e-01
-9.237225581318549983e-01 -1.653507877550885463e-01
-1.064880315881294504e+00 -2.917955078030896043e-01
-1.023363328307929976e+00 -1.653507877550885463e-01
-9.818463407345652261e-01 -5.471165771308846709e-02
-9.569361481905460654e-01 2.431629231690968576e-02
-9.154191606171814266e-01 1.191498323529154718e-01
-8.822055705584902485e-01 1.823721923769126563e-01
-8.074749929264336545e-01 2.614001424069174462e-01
-7.576546078383953331e-01 3.404280924369156303e-01
-6.746206326916659446e-01 4.668728124849166883e-01
-5.832832600302638726e-01 5.459007625149214782e-01
-5.168560799128808503e-01 6.091231225389186488e-01
-4.006085147074595065e-01 7.039566625749243967e-01
-3.341813345900757071e-01 8.145957926169244967e-01
-2.677541544726918521e-01 1.162318772748932361e+00
-2.013269743553079971e-01 1.462624982862930745e+00
-1.515065892672713688e-01 1.762931192976942230e+00
-1.432031917525986020e-01 1.889375913024943454e+00
-1.182929992085802740e-01 2.110654173108943432e+00
-1.016862041792330751e-01 1.968403863054941638e+00
-9.338280666456029444e-02 1.747125602970941438e+00
-9.338280666456029444e-02 1.541652932892935590e+00
-8.507940914988752767e-02 1.304569082802934377e+00
-9.338280666456029444e-02 1.114902002730929542e+00
-7.677601163521474703e-02 9.094293326529236943e-01
-7.677601163521474703e-02 7.197622525809254102e-01
-4.356242157652366609e-02 5.617063525209224917e-01
-3.525902406184922705e-02 4.826784024909176463e-01
4.777495108487848918e-02 4.036504524609194622e-01
1.142021312022623303e-01 3.404280924369156303e-01
1.640225162903006240e-01 2.772057324129184597e-01
2.221462988930117122e-01 2.139833723889145722e-01
2.968768765250666686e-01 1.033442423469145000e-01
3.633040566424504680e-01 -7.294887695085574934e-03
4.463380317891798565e-01 -8.632283772509038999e-02
5.044618143918909725e-01 -5.471165771308846709e-02
5.708889945092747720e-01 4.012188232291064721e-02
6.041025845679658390e-01 1.823721923769126563e-01
6.705297646853497495e-01 3.878448624549185042e-01
7.286535472880590891e-01 6.249287125449196623e-01
8.199909199494629375e-01 6.723454825629224807e-01
9.030248950961923260e-01 7.671790225989216783e-01
8.864181000668467370e-01 6.249287125449196623e-01
8.698113050375012589e-01 4.668728124849166883e-01
8.615079075228267991e-01 2.614001424069174462e-01
8.365977149788085265e-01 1.033442423469145000e-01
8.449011124934812100e-01 -1.337396077430932917e-01
8.449011124934812100e-01 -3.076010978090905623e-01
8.449011124934812100e-01 -5.288793578930973682e-01
8.781147025521723881e-01 -7.343520279710965548e-01
9.279350876402105985e-01 -8.924079280310995843e-01
9.860588702429217145e-01 -1.003047058073106346e+00
1.035879255330959925e+00 -1.129491778121107348e+00
1.044182652845631054e+00 -1.208519728151105532e+00
9.694520752135744601e-01 -1.145297368127108362e+00
8.864181000668467370e-01 -1.050463828091102503e+00
7.950807274054446649e-01 -9.714358780611043187e-01
6.871365597146952275e-01 -9.240191080431015003e-01
5.957991870532931555e-01 -8.291855680071023027e-01
5.376754044505820396e-01 -7.501576179770975683e-01
4.712482243331998499e-01 -6.395184879350974683e-01
4.131244417304887895e-01 -5.762961279111002977e-01
2.885734790103938741e-01 -5.288793578930973682e-01
1.889327088343189520e-01 -4.656569978690935363e-01
8.929193865824401610e-02 -4.656569978690935363e-01
-3.525902406184922705e-02 -4.972681778810954523e-01
-8.507940914988752767e-02 -4.972681778810954523e-01
-2.045434003158138735e-03 -5.762961279111002977e-01
9.759533617291679675e-02 -6.553240779410983707e-01
1.723259138049733907e-01 -6.869352579531002867e-01
2.636632864663755460e-01 -7.343520279710965548e-01
2.138429013783372523e-01 -7.343520279710965548e-01
3.947155357020572242e-02 -7.343520279710965548e-01
-1.515065892672713688e-01 -7.343520279710965548e-01
-2.677541544726918521e-01 -7.185464379651023137e-01
-4.006085147074595065e-01 -6.711296679470993842e-01
-4.670356948248433615e-01 -6.079073079230955523e-01
-5.583730674862454890e-01 -5.288793578930973682e-01
-5.998900550596102388e-01 -5.130737678870963547e-01
-7.742614028677418103e-01 -4.656569978690935363e-01
-8.905089680731630430e-01 -4.814625878750944943e-01
-9.818463407345652261e-01 -4.340458178570915648e-01
-1.039970123337275565e+00 -3.708234578330943942e-01
-1.056576918366621820e+00 -2.917955078030896043e-01
-5.048191950541625062e-02 -7.580604129800946334e-01
9.967118555158623050e-02 -7.580604129800946334e-01
